# Created by Octave 4.0.0, Thu Oct 27 16:04:55 2016 Eastern Daylight Time <unknown@USCBGWL10207>
# name: v
# type: matrix
# rows: 5
# columns: 1
 199
 299
 399
 499
 599


